входные данные
2 2
1 2 5
1 2 -5

выходные данные
5
_______________________

входные данные
2 2
1 2 3
2 1 7

выходные данные
:)
_______________________

входные данные
4 4
2 3 5
3 2 5
1 4 6
1 4 8

выходные данные
8
_______________________

входные данные
4 4
1 2 5
2 3 8
3 1 7
2 4 3

выходные данные
:)
_______________________

входные данные
4 4
1 2 -5
2 3 -8
3 1 -7
2 4 3

выходные данные
-2
_______________________

входные данные
5 4
1 2 -5
2 3 8
3 1 -7
2 4 3

выходные данные
:(
_______________________

входные данные
4 3
1 2 7
1 4 3
1 3 9

выходные данные
3
_______________________

входные данные
4 5
1 2 7
1 4 3
1 3 9
3 2 4
2 4 10

выходные данные
23
_______________________

входные данные
4 4
2 3 5
3 2 5
4 1 6
1 4 8

выходные данные
:)
_______________________

входные данные
5 6
1 5 10
1 5 2
2 3 5
2 3 8
3 4 4
4 2 3

выходные данные
10
_______________________

входные данные
2 2
1 2 5
2 1 -9

выходные данные
5
_______________________

входные данные
4 4
1 4 5
1 2 6
2 3 4
3 2 5

выходные данные
5
_______________________

входные данные
2 3
1 2 1
1 2 -4
2 1 -8

выходные данные
1
_______________________

входные данные
2 4
1 2 1
1 2 -4
2 1 -8
1 1 2

выходные данные
:)
_______________________

входные данные
2 4
1 2 1
1 2 -4
2 1 -8
2 2 2

выходные данные
:)
_______________________

входные данные
3 4  
1 3 100  
1 2 -100 
2 2 1 
2 3 -100

выходные данные
:)
_______________________

