входные данные
3 3 1 3
1 2
1 3
2 3

выходные данные
YES
1 3 
1 2 3 
_______________________

входные данные
4 5 1 4
1 2
1 3
3 2
2 4
3 4

выходные данные
YES
1 3 4
1 2 4
_______________________

входные данные
4 5 2 1
1 2 
1 3 
2 3 
2 4
3 4

выходные данные
NO
_______________________

входные данные
4 7 1 3
1 4
1 3
4 3
1 2
2 1
2 3
2 3

выходные данные
YES
1 2 3
1 3
_______________________

входные данные
4 9 1 3
1 4
1 3
4 3
1 2
2 1
2 3
2 3
4 4 
1 1

выходные данные
YES
1 1 2 3
1 3
_______________________

входные данные
3 8 3 2
2 2
3 2
3 3
1 2
1 3
3 1
2 1
1 1

выходные данные
YES
3 1 2
3 2
_______________________

входные данные
5 2 2 5
2 5
2 5

выходные данные
YES
2 5
2 5
_______________________

входные данные
5 3 2 5
4 5
2 5
2 4

выходные данные
YES
2 4 5
2 5
_______________________

входные данные
3 9 1 3
1 1
1 2
2 2
3 3
1 3
3 3
2 3
2 2
1 1

выходные данные
YES
1 3
1 2 3
_______________________

входные данные
5 11 3 5
5 3
3 4
4 5
5 5
2 3
3 2
2 4
4 1
1 4
4 4
1 5

выходные данные
YES
3 2 4 1 5
3 4 5
