входные данные
3 4 5
1 3
1 4
3 1
2 2
3 3

выходные данные
4
_______________________

входные данные
3 4 5
1 3
1 4
3 1
2 4
3 2

выходные данные
-1
_______________________

входные данные
5 7 8
1 3
1 4
3 1
2 4
3 3
4 6
2 3
3 7

выходные данные
-1
_______________________

входные данные
5 7 13
1 3
1 4
3 1
2 4
3 3
4 6
2 3
3 7
1 5
1 3
2 4
3 7
5 6

выходные данные
13
_______________________

входные данные
3 4 3
2 4
3 3
1 2

выходные данные
2
_______________________

входные данные
3 4 5
2 2
1 3
2 4
3 1
1 2

выходные данные
4
_______________________

входные данные
3 4 5
1 2
2 3
1 4
2 1
3 3

выходные данные
4
_______________________

входные данные
3 4 6
2 1
3 3 
2 4
1 3
2 2
1 2

выходные данные
3
_______________________

входные данные
2 3 3
1 2
2 1
1 3

выходные данные
2
_____________________

входные данные
2 2 2
2 2
1 2

выходные данные
1
