входные данные
7 7
1 2
4 1
6 7
5 7
7 4
2 3
4 2

выходные данные
3
2 4 7 6 
7 5 
4 1 2 3 
_______________________

входные данные
4 4
1 2
2 3
3 4
2 4

выходные данные
1
2 3 4 2 1
_______________________

входные данные
5 4
1 2
4 2
5 3
2 5

выходные данные
2
3 5 2
4 2 1
_______________________

входные данные
5 6
1 5
2 5
3 2
3 4
5 4
1 4

выходные данные
1
5 2 3 4 5 1 4
_______________________

входные данные
5 5
1 3
2 3
3 4
4 5
2 4

выходные данные
2
3 2 4
5 4 3 1
_______________________

входные данные
10 8 
1 9
10 4
1 3
2 8
4 7
8 5
5 6
6 7

выходные данные
2
10 4 7 6 5 8 2
9 1 3
_______________________

входные данные


выходные данные

_______________________

входные данные


выходные данные



