входные данные
4 5
1 2 1
1 3 2
3 2 1
2 4 2
3 4 1

выходные данные
3
1
2
1
2
1
_______________________

входные данные
4 5
1 2 2
1 3 2
2 3 1
2 4 2
3 4 2

выходные данные
4
2
2
0
2
2
_______________________

входные данные
4 3
1 2 1
1 3 1
1 4 4

выходные данные
4
0
0
4
_______________________

входные данные
6 10
1 2 40
2 4 20
4 6 30
1 6 10
1 3 45
3 6 30
3 5 5
5 6 10
3 4 10
2 5 5

выходные данные
80
25
20
30
10
45
30
5
10
10
5
_______________________

входные данные
4 5
1 2 25
2 3 10
2 4 15
3 4 5
1 4 10

выходные данные
30
20
5
15
5
10
_______________________
