входные данные
5
123 666 314 666 434
5
1 5 314
1 5 578
2 4 666
4 4 713
1 1 123

выходные данные
10101
_______________________

входные данные
5
123 666 314 666 434
6
1 2 314
1 5 578
4 5 666
4 4 713
1 1 123
1 2 123

выходные данные
001011
_______________________

входные данные
5
123 666 314 666 434
5
1 5 314
1 5 578
2 4 666
4 4 713
1 5 434

выходные данные
10101
_______________________

входные данные
5
123 314 314 666 434
5
1 2 314
1 5 578
2 4 666
4 4 713
1 1 123

выходные данные
10101
_______________________

входные данные
5
123 314 314 666 434
5
1 2 314
1 5 578
2 2 666
4 5 713
1 1 314

выходные данные
10000
_______________________

входные данные
11
1 2 2 1 1 1 2 2 1 2 1
11
1 1 3
1 4 1
2 8 1
10 11 1
1 3 1
2 3 1
3 7 2
4 6 2
5 9 2
11 11 2
10 11 2

выходные данные
01111010101
_______________________

входные данные


выходные данные
_______________________

входные данные


выходные данные

_______________________

входные данные


выходные данные